00195
01354
01152
01049
01358
01263
00703
00840
00147
00707
01433
01033
01309
01521
01254
00085
00551
01570
01175
01063
01578
00611
01321
01549
01011
01492
01363
00789
00728
01067
01052
01449
00645
01176
01468
01637
00705
01495
00392
01628
01340
00453
00563
01287
01005
01316
00808
00311
01496
00514
00732
01490
01344
01148
01586
01660
01252
00803
01303
01488
01510
01517
00708
01605
00391
01301
01646
01454
00518
00097
00619
00291
00570
00128
01376
01297
01271
00399
00176
00234
01087
00540
00338
00606
01300
00297
01507
01329
01226
00537
00364
01231
01434
00349
00285
00058
00680
00348
01386
00036
01611
01204
01346
01019
00824
01509
00395
00183
00254
00412
00549
01437
00804
00579
00432
00405
01385
01328
00479
01392
00156
00376
01440
01205
01470
00604
00120
01048
01093
00084
01630
00777
01665
01289
01182
00341
00132
01537
01199
01305
00380
01324
01180
01132
01572
00150
01197
01374
00773
00448
01307
00831
01401
01356
01625
01022
00733
01099
01233
01457
01419
00109
01140
00241
00816
00006
01118
00999
01607
00625
01253
00543
01107
01642
00107
00081
00539
00623
01527
01372
01311
00610
00314
00246
01027
00481
00117
00288
01654
00236
01359
00823
00452
00787
00782
01239
00078
00613
00390
01060
00360
01194
00548
01161
01458
00115
01476
00116
00146
01528
00219
00775
01133
01499
01003
00021
01025
01124
00624
00247
01360
00261
01417
01534
00571
00201
01345
00238
00336
00582
00165
01373
00756
01065
01122
01213
00820
00742
00472
00144
01029
01631
00709
01350
01538
00494
00346
01351
00621
01602
01546
01609
00377
01617
01034
00661
00523
00060
01561
01181
01661
01375
01113
00339
01485
00373
01183
01248
01071
00641
01096
00734
01030
00430
01353
00387
00442
00133
01640
01332
01154
01555
01265
00112
01635
00772
00089
01513
01519
01436
00506
00270
00313
00419
01644
01158
00124
01614
01212
01159
01108
01333
01139
00296
00806
01174
00532
00459
00590
01603
00828
00814
01077
00104
01566
01641
00799
00005
01569
01393
00382
00507
01518
00340
00565
00569
00148
00378
00199
01057
01215
00233
01501
01388
00558
01564
00737
01520
01023
01571
00455
01310
01504
01444
01295
00544
01576
00440
01296
01562
01200
00488
00591
00618
01579
00210
01443
00206
01582
01409
01171
01070
01407
00327
00744
01069
00212
01222
00768
00143
01014
01435
00818
00142
00103
01583
01338
01051
00759
00294
01415
01259
00839
00725
00347
01144
01381
01088
00137
00289
01540
00690
00517
00729
01187
01206
00048
00172
01018
01153
01405
00417
01427
01110
01339
01282
01382
00100
00556
00353
01115
00251
01568
00626
00068
00101
01370
01335
00002
00747
01272
00343
00271
00524
00196
01445
01483
01062
00620
00329
01618
01306
01505
00530
01291
01173
01219
00300
01058
00715
00740
00674
00615
01387
01632
01529
01247
00586
00130
00574
01459
01298
00030
01167
01255
00529
01056
01041
01260
00402
00470
01497
01002
01587
01216
01281
00547
01666
01341
00404
00837
00267
00331
00478
01235
00668
01487
01192
01590
00045
00070
00693
00511
00464
01500
00688
01284
01535
01162
01151
00184
01398
00616
01389
00118
00630
01169
01218
01390
00035
01250
01142
00298
00485
01403
00788
01523
01655
01238
01441
00209
00691
01308
01203
01608
01249
01054
00819
00526
01010
00679
01524
01141
01178
00249
01257
00193
01078
00561
01502
00545
01622
00284
01516
01084
01653
00639
01325
01251
00800
00538
01474
01223
01397
01343
00356
01120
00499
01264
00235
01486
01236
00504
00649
00126
00676
00809
01100
00811
00379
00654
01278
00555
00602
01266
01347
01201
01294
01040
00122
01268
00099
01450
01089
01214
00400
01480
01061
00638
00628
00138
00062
00797
01017
01384
01170
01494
01134
01240
00192
00274
00253
01013
01275
00194
00293
01650
00046
00301
01196
01317
00367
01315
00221
01447
01515
01371
00796
00589
00332
00576
01217
00020
00259
00162
01585
01633
01211
00371
01080
01232
01243
01198
01104
00495
00784
00682
01643
01285
01543
01465
01319
00778
00105
01008
01623
01007
01105
01525
01221
00216
01050
01004
01256
00292
00612
01462
00410
00028
01463
01471
00683
01493
00751
00684
01191
01234
01145
01072
01368
01362
01270
00286
01364
00500
01394
00542
00642
01012
01286
00139
00836
01111
01322
01207
00834
01177
00154
00375
00409
01082
00652
01143
01366
01292
01367
01559
00663
00152
00774
01479
00655
00510
01380
01001
01302
01473
00220
00370
00025
00316
01423
01512
00810
01560
01613
01558
00258
00454
00102
00283
01408
01404
01522
01184
00106
01503
00072
01395
01657
01594
01046
01273
00071
00429
00426
01081
01430
01379
01064
00305
00431
01220
01612
00016
01478
00149
01179
00631
00659
00760
00003
01258
01085
01604
01276
01166
00598
01337
01432
01548
01098
00780
00222
01662
00830
01336
00520
01043
01026
01448
00501
00110
01550
00262
01131
01244
01649
00056
00275
01304
00436
01172
00597
00646
00578
01185
00403
00807
00131
01402
00123
00791
01399
00094
01629
00525
00550
01383
00359
00159
01438
00441
01160
00121
00736
00000
00087
01075
00033
01334
00407
00746
00512
00024
00575
00781
01442
00237
00502
00519
01288
01024
00731
01575
01073
01330
00242
00401
00231
01055
01514
00280
01508
00675
01135
00228
01009
01188
01076
01267
01103
00667
01119
00227
00310
00735
00685
01620
01377
00739
01506
01326
01242
01591
01314
01229
00185
00469
00273
01059
00724
00140
01472
00584
01452
01090
00658
00155
01109
01042
01491
01414
01531
01542
01290
00019
01283
01156
00406
00758
01262
00765
01391
01068
00239
01227
00134
00687
00328
01595
01396
01091
01357
01168
00802
01202
00698
01451
00044
00290
00282
00689
00421
00718
00207
01658
01439
01208
00795
00793
01031
01036
00599
01421
00321
01410
01400
01032
00767
01000
00334
00533
01378
00191
00230
00160
00388
01186
01097
01037
01146
01456
00567
01261
01659
01323
00351
00032
00651
01193
01280
01106
01083
00320
00750
01274
01615
01318
00716
00203
00723
01647
01574
00480
01544
00299
00757
00577
01342
01313
00805
01636
00170
01539
00451
01210
01224
00601
01086
01195
01015
00414
01277
00214
00088
01299
00014
01526
01117
00496
01066
00801
01230
01074
00386
00352
01209
00306
00243
00692
01038
00640
00113
01114
01128
01279
01352
00636
00792
01189
00389
00445
00694
01102
00167
00433
00677
00022
01138
